1111111111111111111111111111111
1000000000100000000010000000001
1000000000100011100010000000001
1000000000100111110010000000001
1000000000100111110010000000001
1000000000101111111010000000001
1000000000100111110010000000001
1000000000100111110010000000001
1000000000100011100010000000001
1000000000100000000010000000001
1111111111111111111111111111111
1000000000100000000010000000001
1000000000100000000010001110001
1000000000100000000010011111001
1000000000100000000010011111001
1000000000100000000010111111101
1000000000100000000010011111001
1000000000100000000010011111001
1000000000100000000010001110001
1000000000100000000010000000001
1111111111111111111111111111111
1000000000100000000010000000001
1000111000100011100010001110001
1001111100100111110010011111001
1001111100100111110010011111001
1011111110101111111010111111101
1001111100100111110010011111001
1001111100100111110010011111001
1000111000100011100010001110001
1000000000100000000010000000001
1111111111111111111111111111111